203
2820
287
273
290
279
280
327
285
280
262
292
296
458
435
411
427
402
421
419
414
410
455
423
420
423
431
415
415
432
412
428
421
418
448
425
454
414
413
415
406
451
425
456
417
403
436
419
452
402
415
409
446
426
406
440
413
430
424
413
405
409
413
404
411
417
399
423
400
426
413
415
394
450
438
395
487
441
397
367
376
367
377
367
369
395
382
346
371
359
346
357
368
383
355
380
355
366
376
376
365
380
370
384
387
374
379
394
395
384
385
373
370
374
377
366
380
378
377
372
382
368
356
361
365
359
375
378
382
385
365
385
371
375
364
369
401
364
363
365
370
392
391
370
361
352
364
370
383
365
400
370
371
393
381
378
364
403
375
354
347
327
313
328
320
360
324
326
334
348
375
368
319
296
312
300
309
305
302
312
303
318
293
303
335
297
298
314
405
450
443
481
423
433
441
427
416
437
456
417
500
435
426
431
447
450
429
421
460
431
416
440
423
420
430
421
425
447
391
439
438
427
410
397
442
404
421
437
